2.070776821200530715e-05
2.089636793202883944e-05
1.950641893453230726e-05
1.857379882792197591e-05
2.398424689939811886e-05
3.166929446274235470e-05
3.740203775040183611e-05
5.291286500093991905e-05
4.637965914560318180e-05
4.524869612265655921e-05
3.633139398302449689e-05
2.733097245498250396e-05
2.819011599185756726e-05
2.606154372283906771e-05
2.273805033392195489e-05
1.718460922494660694e-05
1.564777149958996308e-05
9.075704718622638409e-06
9.348542526834679650e-06
1.058368657540196297e-05
8.886149810995215841e-06
8.726869929833531148e-06
1.029379738083949080e-05
8.417926111909585345e-06
7.265714842715699646e-06
1.129994941367679246e-05
1.014787577489841001e-05
1.086166435027937368e-05
5.622450730045327014e-06
0.000000000000000000e+00
