2.283812183119038084e-06
1.984470292039851241e-06
2.002507810329302745e-06
2.261550141714779294e-06
2.538668440990454908e-06
2.650509067462739008e-06
2.579019179558574614e-06
2.669208677292178326e-06
2.752358542815957706e-06
2.972273607114407027e-06
3.311773514266436388e-06
3.540792163492153348e-06
3.506865906498447159e-06
3.812462432867094937e-06
4.023530346625900029e-06
4.574572619249212437e-06
5.526335843403448179e-06
6.418691106789119380e-06
7.366172817572476381e-06
6.590495621843867523e-06
6.855441924120673052e-06
6.184319161053134978e-06
5.854374698607783119e-06
5.271825643812290226e-06
5.435566006032132014e-06
5.090327895877153718e-06
4.675101786918657049e-06
3.808534493970678281e-06
4.514945541847531523e-06
4.306198908178884269e-06
4.261831655023156777e-06
6.176978074830897163e-06
