3.603115705155673107e-05
3.542254860144624035e-05
3.750959984165076581e-05
4.751632968488735164e-05
6.036995830430687076e-05
6.992954202591103951e-05
7.775132820538896785e-05
9.437115718579500091e-05
1.070746988843919396e-04
1.214655177427287791e-04
1.394594734417752935e-04
1.461331223391249738e-04
1.348297253392550686e-04
1.392357868044264389e-04
1.394933564996759178e-04
1.448495268749677353e-04
1.424489326231841537e-04
1.265963247326682241e-04
1.287817173632347181e-04
1.117736534953104390e-04
1.189074779583404592e-04
1.067511921533485661e-04
1.003258329445590825e-04
9.165196981255184657e-05
1.000987834508601927e-04
9.443314517440427219e-05
8.018035493781184306e-05
5.652855147889465301e-05
6.161885826505930186e-05
4.809270414028707949e-05
3.464701990529238916e-05
3.633296726360826329e-05
