3.072995634047704147e-06
2.623149762073858114e-06
2.251818025384889057e-06
2.698240860506365874e-06
2.378374226610826652e-06
2.764710677250911547e-06
2.770078016443169586e-06
3.442499913363809198e-06
4.048822567292013241e-06
3.143723000320706228e-06
2.963757863696799837e-06
3.429445510311412787e-06
3.468887445442995721e-06
3.936508441039061711e-06
4.098025405137858977e-06
4.106966187742793765e-06
3.517868478202528568e-06
3.103159854529100456e-06
2.278849391031354422e-06
1.824951941322232873e-06
2.049545838099443014e-06
2.046961694966874780e-06
2.070917960868368307e-06
2.458849874443428462e-06
3.034516244739664293e-06
