2.168739569368929892e-05
1.733682052249187487e-05
1.614394927358900642e-05
1.868869861698713088e-05
1.140672490798975908e-05
1.720120826432863106e-05
2.075207506617718562e-05
2.025421094973761047e-05
2.410666535020772195e-05
2.731275582979471279e-05
2.978686801203693466e-05
3.953960150416676255e-05
4.251662411467633260e-05
3.416770861019306543e-05
3.242474265075968192e-05
2.786538947712099686e-05
2.133637798674238028e-05
2.189323797017662688e-05
1.970904038955075053e-05
1.799391271784340772e-05
1.300109399293467475e-05
1.123807886043156328e-05
1.058981369033908267e-05
7.875174024027666009e-06
7.078101620008977271e-06
2.649383076969136570e-06
nan
nan
nan
nan
