3.410799931143578315e-05
3.007114908539734827e-05
2.644027635831577974e-05
2.787359730550972251e-05
2.933517986418668835e-05
3.150317138454687384e-05
3.368016357973929541e-05
3.378125501689697730e-05
3.623946649004853779e-05
3.782603496584711905e-05
4.246308025172643039e-05
4.682057064399124346e-05
4.479992042374446017e-05
4.453761369140009694e-05
4.735094733553046832e-05
4.155748365100230636e-05
4.279608536471211325e-05
4.914670001821837926e-05
5.408157905344343871e-05
6.219832839665622576e-05
5.700004691487725285e-05
5.807858653882232158e-05
6.779086324291088263e-05
6.186992823747100470e-05
6.155441988616767871e-05
6.743586279049102329e-05
7.139378824021326640e-05
7.377047698623823363e-05
8.355635053573998573e-05
7.331304699447205580e-05
7.440847626944278501e-05
6.992899552812734023e-05
6.327352888096037745e-05
6.209831936465807860e-05
6.576010580356373932e-05
8.120752118816427850e-05
8.894493507709739816e-05
6.663094522571981558e-05
7.711620817114928919e-05
7.620989701074323266e-05
