1.979853561808690693e-05
1.827314486355601891e-05
1.512790261005503467e-05
1.914302233831443543e-05
1.663988045707506688e-05
1.988276336077867537e-05
2.050586571831766530e-05
2.804684393575994816e-05
3.376716962102808999e-05
2.178252584552085652e-05
1.799284317758488149e-05
2.187432990906895347e-05
2.352772007331386248e-05
2.950470744217068505e-05
3.314845047568532711e-05
3.390760634425815418e-05
2.754858058645664865e-05
2.245972011032733480e-05
1.403710520865610926e-05
9.708380040788123179e-06
1.074837934782668469e-05
1.009119977680860653e-05
8.889497189538977275e-06
8.671691643474339073e-06
7.209832060293830465e-06
