4.317761388591873263e-06
3.481446429510137027e-06
3.478516163757934505e-06
4.088992518049312046e-06
2.744673850133857426e-06
3.667944686609076152e-06
3.932008153404665794e-06
3.690330847266389996e-06
4.007025189737697643e-06
4.147838560199637646e-06
4.071434189656105717e-06
4.537305857652723717e-06
4.400731327873607643e-06
3.463901493277956619e-06
3.104965434290597625e-06
2.597142968429793511e-06
1.973757711440876488e-06
1.883865132365025054e-06
1.645571712595218576e-06
1.559403033457543632e-06
1.310165326159676693e-06
1.349342612768372316e-06
1.563649643881600922e-06
1.661317355536844866e-06
2.419631381599597579e-06
1.184842396922099254e-06
nan
nan
nan
nan
