2.311968139554011423e-06
1.881599765063349603e-06
1.702643551022783196e-06
1.740608602828231335e-06
1.734556232381347923e-06
1.709794987418125160e-06
1.662537333298021525e-06
1.570749868289078055e-06
1.616889310348973663e-06
1.660855422704551762e-06
1.824727169825486609e-06
2.010242196441766227e-06
2.031426192479631854e-06
2.136485614890391201e-06
2.438684581544956346e-06
2.583127205823653775e-06
3.265534575211329709e-06
4.175918704900979832e-06
4.655963158143016805e-06
5.252728730679184420e-06
4.993082050238458832e-06
5.058935265009940235e-06
5.621842481060242201e-06
5.188050773920180572e-06
5.070713795254234997e-06
5.191581884914518090e-06
5.170466685711979521e-06
4.984174535302123227e-06
5.231750085274487508e-06
4.555534997813448565e-06
4.550431091406269934e-06
4.372205941340523861e-06
4.251550750044004577e-06
4.528827439442193401e-06
5.229824981616707938e-06
7.119255277321004356e-06
9.596306156111244879e-06
1.068951002805270689e-05
2.005710660281413230e-05
3.498778556645876849e-05
