4.638089985730567711e-06
4.129228112492095343e-06
3.927555693656399281e-06
3.700924034845760437e-06
4.217403363586317135e-06
4.848878553654880014e-06
5.018833696951723218e-06
6.225607462337021193e-06
5.476705054419394310e-06
5.467346694837439793e-06
4.751311068651739823e-06
3.936848308286500055e-06
4.046945893598073542e-06
3.760101118546599929e-06
3.416807492962786474e-06
2.711941097632954825e-06
2.509943546885076677e-06
1.580057161864991581e-06
1.477885754156651184e-06
1.435640136655516230e-06
1.153482877682917227e-06
1.060101538969092185e-06
1.174747317747803000e-06
1.073340916810589502e-06
1.081567345510911818e-06
1.798427385563282132e-06
2.140894542572180934e-06
3.714536064285288880e-06
2.514440904595164900e-06
0.000000000000000000e+00
